<?xml version="1.0" encoding="UTF-8"?>
<!-- Created with VPaint (http://www.vpaint.org) -->

<vec
  version="1.0">
  <playback
    firstframe="0"
    lastframe="47"
    fps="12"
    subframeinbetweening="on"
    playmode="bounce"/>
  <canvas
    left="300"
    top="100"
    width="300"
    height="200"/>
  <layer
    style="background-color:rgba(255,255,255,1);">
    <inbetweenface
      id="76"
      cycles="[1:(73+,1,1,2,_) 2:(71+,2,2,3,1) 3:(72+,3,3,_,2)] [1:(32,32,29,8,28) 2:(35+,26,45,22,25) 3:(15-,8,42,30,37) 4:(30-,28,53,29,17) 5:(27,20,14,51,31) 6:(11,35,30,_,41) 7:(38,50,10,36,18) 8:(14,27,3,30,1) 9:(14,22,39,35,45) 10:(51-,7,44,48,18) 11:(58-,46,23,47,7) 12:(21,25,20,45,36) 13:(31,29,37,8,53) 14:(29+,5,33,24,40) 15:(29-,33,28,32,49) 16:(58+,23,36,25,7) 17:(55-,34,46,4,50) 18:(70-,18,18,44,_) 19:(33+,45,51,9,20) 20:(28+,12,5,19,48) 21:(59,40,49,33,44) 22:(15+,42,9,35,2) 23:(57,11,16,38,7) 24:(36+,51,52,39,14) 25:(17+,38,12,2,16) 26:(22,37,2,42,38) 27:(16-,41,8,30,32) 28:(27,15,4,1,34) 29:(34-,1,13,8,4) 30:(13+,6,43,_,27) 31:(54,48,40,5,44) 32:(36-,52,1,27,15) 33:(20,14,15,52,21) 34:(54,49,17,28,44) 35:(13-,43,6,_,22) 36:(53,16,48,12,7) 37:(35-,13,26,3,47) 38:(18,47,25,26,23) 39:(16+,9,41,35,24) 40:(60+,31,21,14,44) 41:(9,39,27,6,52) 42:(8,3,22,43,26) 43:(12,30,35,_,42) 44:(40,10,50,34,18) 45:(31,2,19,9,12) 46:(53,17,11,53,7) 47:(17-,53,38,37,11) 48:(56+,36,31,20,10) 49:(60-,21,34,15,44) 50:(52-,44,7,17,18) 51:(32,19,24,9,5) 52:(23,24,32,41,33) 53:(21,4,47,13,46)]"
      beforefaces="74"
      afterfaces="75"
      style="color:rgba(190,230,255,1)"/>
    <inbetweenedge
      id="73"
      beforecycle="[71+]"
      aftercycle="[1+]"
      style="color:rgba(0,0,0,1)"/>
    <face
      id="75"
      frame="47"
      cycles="[1+] [69+]"
      style="color:rgba(190,230,255,1)"/>
    <edge
      id="1"
      frame="47"
      curve="xyw-dense: 5 374.316,155.509,3 372.36,157.363,3 370.498,159.382,3 368.679,161.735,3 366.862,164.525,3 365.025,167.903,3 363.627,171.046,3 362.441,174.09,3 361.085,178.553,3 360.507,181.066,3 360.037,183.667,3 359.682,186.249,3 359.453,188.873,3 359.389,191.818,3 359.496,194.673,3 359.968,198.227,3 360.627,201.771,3 361.363,204.37,3 362.763,208.037,3 364.487,211.619,3 366.607,215.306,3 369.042,218.94,3 371.821,222.526,3 374.686,225.788,3 377.631,228.754,3 380.397,231.244,3 383.385,233.596,3 386.329,235.598,3 389.211,237.306,3 392.283,238.869,3 395.452,240.249,3 398.777,241.479,3 402.273,242.56,3 405.999,243.514,3 409.907,244.33,3 414.251,245.056,3 418.88,245.663,3 423.765,246.141,3 428.657,246.471,3 431.365,246.592,3 433.948,246.663,3 436.53,246.727,3 439.125,246.745,3 442.815,246.687,3 446.793,246.595,3 449.324,246.472,3 454.259,246.123,3 456.838,245.869,3 459.409,245.56,3 461.977,245.185,3 464.522,244.745,3 467.024,244.232,3 469.532,243.63,3 472.077,242.913,3 474.612,242.089,3 477.124,241.2,3 479.628,240.263,3 482.114,239.28,3 484.565,238.264,3 486.998,237.2,3 489.372,236.117,3 491.657,235.047,3 495.764,232.921,3 498.4,231.349,3 500.779,229.804,3 503.574,227.742,3 506.118,225.615,3 508.483,223.422,3 510.725,221.074,3 512.936,218.329,3 515.081,215.124,3 517.088,211.329,3 518.411,207.72,3 519.514,204.269,3 520.097,201.61,3 520.507,198.88,3 520.768,196.161,3 520.832,193.567,3 520.833,190.992,3 520.624,188.168,3 520.319,185.193,3 519.749,181.474,3 519.199,178.975,3 517.888,174.165,3 517.059,171.747,3 516.1775,169.5504375,3 515.107,167.14,3 512.766,163.011,3 511.168,160.819,3 507.816,157.117,3 505.9,155.248,3 502.157,152.001,3 500.073,150.408,3 497.774,148.785,3 495.402,147.269,3 492.977,145.785,3 490.472,144.396,3 487.404,142.824,3 483.53,141.013,3 481.15,140.021,3 478.654,139.059,3 476.236,138.227,3 472.865,137.249,3 469.228,136.238,3 464.672,135.139,3 460.014,134.111,3 455.256,133.211,3 450.375,132.496,3 445.434,131.985,3 440.46,131.699,3 435.498,131.649,3 430.548,131.824,3 425.689,132.222,3 420.851,132.85,3 416.129,133.688,3 411.529,134.729,3 407.161,135.918,3 402.986,137.269,3 398.929,138.845,3 394.865,140.759,3 390.814,142.991,3 387.003,145.361,3 383.661,147.681,3 380.603,150.006,3 377.944,152.207,3 375.928,153.993,3 374.316,155.509,3"
      style="color:rgba(0,0,0,1)"/>
    <inbetweenedge
      id="72"
      beforecycle="[6+ 7+]"
      aftercycle="[71+]"
      style="color:rgba(0,0,0,1)"/>
    <face
      id="74"
      cycles="[7+ 6+]"
      style="color:rgba(190,230,255,1)"/>
    <edge
      id="6"
      startvertex="3"
      endvertex="5"
      curve="xyw-dense: 5 390.907,170.92,3 388.5628125,171.2613125,3 385.646,171.718,3 381.065,172.641,3 376.525,173.855,3 371.971,175.326,3 369.654,176.444,3 365.707,179.084,3 363.91,180.912,3 362.42,183.076,3 361.303,185.483,3 360.576,188.007,3 360.181,190.566,3 360.077,193.151,3 360.243,195.781,3 360.754,198.478,3 361.648,201.164,3 363.031,203.726,3 365.039,206.117,3 367.692,208.152,3 370.924,209.668,3 374.455,210.635,3 378.291,211.182,3 382.072,211.484,3 385.825,211.716,3 389.28,211.935,3 393.079,212.011,3 396.866,212.06,3 400.508,212.143,3 404.356,212.143,3 408.195,212.135,3 412.036,212.14,3 415.824,212.177,3 419.578,212.279,3 423.225,212.433,3 426.947,212.598,3 430.648,212.765,3 434.334,212.921,3 437.919,213.054,3 441.61,213.157,3 445.3,213.219,3 448.996,213.238,3 452.613,213.213,3 456.365,213.148,3 460.134,213.047,3 463.928,212.926,3 467.641,212.803,3 471.491,212.723,3 475.344,212.704,3 479.202,212.72,3 483.06,212.738,3 486.872,212.748,3 490.734,212.618,3 494.567,212.34,3 498.339,211.798,3 501.997,210.892,3 505.443,209.644,3 508.574,208.13,3 511.394,206.316,3 513.817,204.161,3 515.791,201.63,3 517.148,198.644,3 517.676,195.267,3 517.278,191.768,3 516.133,188.505,3 514.504,185.537,3 512.485,182.835,3 510.035,180.307,3 507.337,178.154,3 504.492,176.401,3 501.557,175.007,3 498.158,173.824,3 494.54,172.943,3 490.74,172.387,3 486.773,172.154,3 482.728,172.046,3 478.703,172.031,3"
      style="color:rgba(0,0,0,1)"/>
    <inbetweenedge
      id="13"
      beforepath="[7+]"
      afterpath="[16- 15-]"
      startanimatedvertex="[11]"
      endanimatedvertex="[12]"
      style="color:rgba(0,0,0,1)"/>
    <edge
      id="7"
      startvertex="5"
      endvertex="3"
      curve="xyw-dense: 5 478.703,172.031,3 474.864,171.73,3 471.062,171.441,3 467.196,171.208,3 463.323,171.009,3 459.442,170.843,3 455.585,170.73,3 451.749,170.648,3 447.896,170.619,3 444.048,170.617,3 440.192,170.63,3 436.348,170.642,3 432.499,170.64,3 428.695,170.615,3 424.932,170.577,3 421.335,170.52,3 417.97,170.448,3 414.875,170.365,3 411.996,170.275,3 409.248,170.206,3 406.444,170.193,3 403.138,170.26,3 400.565,170.339,3 397.919,170.441,3 394.174,170.673,3 390.907,170.92,3"
      style="color:rgba(0,0,0,1)"/>
    <inbetweenvertex
      id="12"
      beforevertex="3"
      aftervertex="8"
      style="color:rgba(0,0,0,1)"/>
    <vertex
      id="3"
      position="390.907,170.92"
      style="color:rgba(0,0,255,1)"/>
    <inbetweenvertex
      id="11"
      beforevertex="5"
      aftervertex="9"
      style="color:rgba(0,0,0,1)"/>
    <vertex
      id="5"
      position="478.703,172.031"
      style="color:rgba(0,0,255,1)"/>
    <inbetweenedge
      id="35"
      beforepath="[15+]"
      afterpath="[17+]"
      startanimatedvertex="[22]"
      endanimatedvertex="[31]"
      style="color:rgba(0,0,0,1)"/>
    <edge
      id="15"
      frame="7"
      startvertex="8"
      endvertex="14"
      curve="xyw-dense: 5 394.899,190.089,3 399.586,191.612,3 402.428,192.194,3 405.119,192.635,3 408.576,193.123,3 412.753,193.557,3 416.208,193.89,3 419.559,194.168,3 422.841,194.411,3 426.264,194.598,3 429.221,194.677,3 432.16,194.684,3 435.286,194.622,3"
      style="color:rgba(0,0,0,1)"/>
    <inbetweenvertex
      id="22"
      beforevertex="8"
      aftervertex="18"
      style="color:rgba(0,0,0,1)"/>
    <vertex
      id="8"
      frame="7"
      position="394.899,190.089"
      style="color:rgba(0,0,255,1)"/>
    <inbetweenedge
      id="36"
      beforepath="[16+]"
      afterpath="[29+]"
      startanimatedvertex="[32]"
      endanimatedvertex="[23]"
      style="color:rgba(0,0,0,1)"/>
    <edge
      id="16"
      frame="7"
      startvertex="14"
      endvertex="9"
      curve="xyw-dense: 5 435.286,194.622,3 439.295,194.951,3 443.604,195.126,3 446.283,195.13,3 448.844,195.085,3 452.193,194.953,3 456.513,194.644,3 460.661,194.218,3 464.984,193.789,3 469.524,193.371,3 472.39,192.957,3 475.083,192.508,3 478.226,191.872,3 479.834,191.4,3"
      style="color:rgba(0,0,0,1)"/>
    <inbetweenvertex
      id="23"
      beforevertex="9"
      aftervertex="20"
      style="color:rgba(0,0,0,1)"/>
    <vertex
      id="9"
      frame="7"
      position="479.834,191.4"
      style="color:rgba(0,0,255,1)"/>
    <inbetweenedge
      id="33"
      beforepath="[14]"
      afterpath="[28+]"
      startanimatedvertex="[31]"
      endanimatedvertex="[32]"
      style="color:rgba(0,0,0,1)"/>
    <inbetweenedge
      id="34"
      beforepath="[14]"
      afterpath="[30+]"
      startanimatedvertex="[31]"
      endanimatedvertex="[32]"
      style="color:rgba(0,0,0,1)"/>
    <inbetweenvertex
      id="31"
      beforevertex="14"
      aftervertex="21"
      style="color:rgba(0,0,0,1)"/>
    <inbetweenvertex
      id="32"
      beforevertex="14"
      aftervertex="27"
      style="color:rgba(0,0,0,1)"/>
    <vertex
      id="14"
      frame="7"
      position="435.286,194.622"
      style="color:rgba(0,0,255,1)"/>
    <inbetweenedge
      id="58"
      beforepath="[17+]"
      afterpath="[38]"
      startanimatedvertex="[57]"
      endanimatedvertex="[53]"
      style="color:rgba(0,0,0,1)"/>
    <edge
      id="17"
      frame="14"
      startvertex="18"
      endvertex="21"
      curve="xyw-dense: 5 393.85,187.992,3 397.069,189.879,3 401.174,191.374,3 403.876,192.148,3 406.371,192.809,3 408.826,193.399,3 413.537,194.397,3 416.554,194.852,3 419.367,195.222,3 422.441,195.54,3"
      style="color:rgba(0,0,0,1)"/>
    <inbetweenvertex
      id="57"
      beforevertex="18"
      aftervertex="38"
      style="color:rgba(0,0,0,1)"/>
    <vertex
      id="18"
      frame="14"
      position="393.85,187.992"
      style="color:rgba(0,0,255,1)"/>
    <inbetweenedge
      id="60"
      beforepath="[29+]"
      afterpath="[40]"
      startanimatedvertex="[54]"
      endanimatedvertex="[59]"
      style="color:rgba(0,0,0,1)"/>
    <edge
      id="29"
      frame="14"
      startvertex="27"
      endvertex="20"
      curve="xyw-dense: 5 450.591,196.621,3 455.24,195.932,3 459.706,195.14,3 464.36,194.329,3 469.247,193.509,3 472.333,192.841,3 475.234,192.151,3 478.622,191.233,3 480.358,190.613,3"
      style="color:rgba(0,0,0,1)"/>
    <inbetweenvertex
      id="59"
      beforevertex="20"
      aftervertex="40"
      style="color:rgba(0,0,0,1)"/>
    <vertex
      id="20"
      frame="14"
      position="480.358,190.613"
      style="color:rgba(0,0,255,1)"/>
    <inbetweenedge
      id="56"
      beforepath="[28+]"
      afterpath="[51-]"
      startanimatedvertex="[53]"
      endanimatedvertex="[54]"
      style="color:rgba(0,0,0,1)"/>
    <edge
      id="28"
      frame="14"
      startvertex="21"
      endvertex="27"
      curve="xyw-dense: 5 422.441,195.54,3 425.544,195.78,3 429.111,196.046,3 432.834,196.253,3 436.28,196.412,3 440.741,196.535,3 445.007,196.604,3 448.066,196.617,3 450.591,196.621,3"
      style="color:rgba(0,0,0,1)"/>
    <inbetweenedge
      id="55"
      beforepath="[30+]"
      afterpath="[52+]"
      startanimatedvertex="[53]"
      endanimatedvertex="[54]"
      style="color:rgba(0,0,0,1)"/>
    <edge
      id="30"
      frame="14"
      startvertex="21"
      endvertex="27"
      curve="xyw-dense: 5 422.441,195.54,3 425.157,195.114,3 428.237,194.661,3 431.944,194.245,3 435.808,194.013,3 439.214,194.286,3 442.549,194.622,3 445.046,195.149,3 447.895,195.886,3 450.591,196.621,3"
      style="color:rgba(0,0,0,1)"/>
    <inbetweenvertex
      id="53"
      beforevertex="21"
      aftervertex="38"
      style="color:rgba(0,0,0,1)"/>
    <vertex
      id="21"
      frame="14"
      position="422.441,195.54"
      style="color:rgba(0,0,255,1)"/>
    <inbetweenvertex
      id="54"
      beforevertex="27"
      aftervertex="40"
      style="color:rgba(0,0,0,1)"/>
    <vertex
      id="27"
      frame="14"
      position="450.591,196.621"
      style="color:rgba(0,0,255,1)"/>
    <inbetweenedge
      id="70"
      beforecycle="[52+ 51+]"
      aftercycle="[69+]"
      style="color:rgba(0,0,0,1)"/>
    <edge
      id="51"
      frame="23"
      startvertex="40"
      endvertex="38"
      curve="xyw-dense: 5 486.125,193.235,3 483.373,193.972,3 480.213,194.788,3 476.97,195.448,3 473.62,196.058,3 468.733,196.757,3 464.065,197.432,3 459.593,198.075,3 455.554,198.528,3 451.236,198.93,3 447.687,199.147,3 444.708,199.267,3 440.927,199.369,3 436.675,199.325,3 433.683,199.183,3 430.9,198.978,3 428.099,198.745,3 424.878,198.379,3 421.787,197.974,3 418.596,197.526,3 415.207,197.008,3 411.061,196.327,3 407.437,195.611,3 404.538,194.965,3 401.431,194.157,3 398.626,193.121,3 396.21,192.186,3"
      style="color:rgba(0,0,0,1)"/>
    <edge
      id="52"
      frame="23"
      startvertex="38"
      endvertex="40"
      curve="xyw-dense: 5 396.21,192.186,3 398.729,191.413,3 401.649,190.541,3 404.859,189.739,3 407.942,189.031,3 410.985,188.343,3 414.134,187.586,3 416.985,187.034,3 420.091,186.661,3 423.504,186.344,3 426.619,186.102,3 430.068,185.873,3 433.042,185.711,3 435.933,185.635,3 438.835,185.591,3 441.878,185.606,3 445.125,185.658,3 448.676,185.746,3 452.512,185.914,3 456.283,186.141,3 459.772,186.419,3 462.952,186.759,3 466.247,187.227,3 470.575,188.002,3 474.768,188.882,3 479.37,190.014,3 483.042,191.608,3 486.125,193.235,3"
      style="color:rgba(0,0,0,1)"/>
    <vertex
      id="38"
      frame="23"
      position="396.21,192.186"
      style="color:rgba(0,0,255,1)"/>
    <vertex
      id="40"
      frame="23"
      position="486.125,193.235"
      style="color:rgba(0,0,255,1)"/>
    <edge
      id="69"
      frame="47"
      curve="xyw-dense: 5 396.458,190.53,3 397.006,186.831,3 397.983,184.476,3 399.254,182.145,3 401.686,178.877,3 403.89,176.664,3 406.187,174.604,3 409.261,172.549,3 412.352,170.664,3 415.052,169.437,3 417.593,168.513,3 420.322,167.708,3 423.6,166.929,3 426.782,166.308,3 430.888,165.725,3 434.784,165.315,3 439.553,165.022,3 444.187,164.959,3 448.618,165.08,3 452.833,165.597,3 455.681,166.133,3 458.452,166.778,3 461.636,167.827,3 464.56,168.895,3 467.577,170.128,3 471.192,171.859,3 474.845,173.943,3 477.85,176.024,3 479.996,177.723,3 481.904,179.5,3 483.827,181.639,3 485.73,184.397,3 486.562,187.74,3 486.956,191.042,3 486.16,193.525,3 484.741,195.903,3 483.083,198.188,3 479.437,201.475,3 477.293,203.063,3 474.315,204.679,3 470.733,206.144,3 468.308,206.929,3 465.823,207.615,3 463.238,208.256,3 460.113,208.862,3 455.98,209.469,3 452.033,209.916,3 449.358,210.152,3 446.839,210.343,3 444.171,210.493,3 441.526,210.601,3 438.987,210.658,3 436.48925,210.6626875,3 433.886,210.623,3 430.503,210.325,3 426.856,209.907,3 422.437,209.117,3 419.872,208.467,3 415.1,207.021,3 412.69,206.127,3 410.369,205.137,3 407.174,203.319,3 404.044,201.405,3 401.993,199.733,3 400.143,197.858,3 397.865,194.328,3 396.458,190.53,3"
      style="color:rgba(0,0,0,1)"/>
    <edge
      id="71"
      frame="7"
      curve="xyw-dense: 5 390.35,168.625,3 386.608,169.657,3 382.933,170.876,3 379.32,172.305,3 375.731,173.984,3 372.174,175.913,3 368.868,178.508,3 365.83,181.563,3 363.429,185.317,3 361.868,189.592,3 360.976,194.214,3 360.751,199.113,3 360.853,201.623,3 361.127,204.137,3 361.606,206.629,3 362.282,209.063,3 364.238,213.619,3 366.949,217.52,3 370.212,220.605,3 373.757,223.049,3 377.473,225.029,3 381.321,226.769,3 385.25,228.4,3 389.219,229.862,3 393.23,231.119,3 397.274,232.239,3 401.351,233.17,3 405.464,233.919,3 409.637,234.526,3 413.978,235.051,3 418.476,235.495,3 423.119,235.841,3 427.899,236.047,3 432.783,236.106,3 435.292,236.118,3 437.842,236.122,3 440.601,236.12,3 443.102,236.119,3 445.737,236.112,3 449.57,236.057,3 453.749,236.014,3 456.314,235.939,3 458.998,235.833,3 461.576,235.697,3 464.116,235.527,3 469.061,235.084,3 473.817,234.463,3 478.36,233.653,3 482.661,232.688,3 486.707,231.584,3 490.501,230.34,3 494.045,228.963,3 497.389,227.443,3 500.607,225.686,3 503.691,223.676,3 506.637,221.338,3 509.408,218.627,3 512.007,215.547,3 514.365,212.111,3 516.41,208.293,3 517.904,203.937,3 518.607,199.122,3 518.368,194.166,3 517.204,189.335,3 515.261,184.797,3 512.699,180.711,3 509.649,177.209,3 506.29,174.342,3 502.721,172.135,3 498.949,170.447,3 495.031,169.168,3 491.02,168.26,3 486.952,167.701,3 482.863,167.3,3 478.754,167.023,3 474.639,166.573,3 470.519,166.126,3 466.389,165.754,3 462.254,165.433,3 458.112,165.171,3 453.965,164.984,3 449.813,164.862,3 445.659,164.818,3 441.505,164.83,3 437.352,164.887,3 433.202,164.974,3 429.073,165.081,3 425.017,165.204,3 421.023,165.344,3 417.082,165.499,3 413.184,165.676,3 409.328,165.895,3 405.501,166.213,3 401.694,166.673,3 397.902,167.222,3 394.121,167.878,3 390.35,168.625,3"
      style="color:rgba(0,0,0,1)"/>
  </layer>
</vec>
